// GROUP 1

Sound Midi::one_startle(
    VS1053_BANK_MELODY,
    89,
    127,
    true,
    4,
    (uint8_t[]) {88, 88, 76, 76},
    (uint8_t[]) {50, 100, 50, 100},
    0,
    0,
);

Sound Midi::one_ambient(
    VS1053_BANK_MELODY,
    101,
    127,
    true,
    3,
    (uint8_t[]) {70, 72, 74},
    (uint8_t[]) {200, 200, 200},
    0,
    0,
);

Sound Midi::one_active(
    VS1053_BANK_MELODY,
    104,
    127,
    true,
    7,
    (uint8_t[]) {52, 52, 64, 52, 52, 52, 59},
    (uint8_t[]) {25, 25, 25, 25, 25, 25, 25},
    0,
    0,
);

// Group 2 : just used midiNoteOn() a bunch, did not turn in active/ambient/etc

// Group 3

Sound Midi::three_active(
    VS1053_BANK_MELODY,
    1,
    127,
    true,
    26,
    (uint8_t[]) {68, 70, 71, 75, 73, 71, 73, 68, 70, 71, 68, 70, 66, 68, 70, 71, 75, 73, 71, 73, 68, 70, 71, 73, 75, 70},
    (uint8_t[]) {50, 50, 50, 50, 50, 50, 150, 50, 50, 150, 50, 50, 200, 50, 50, 50, 50, 50, 50, 150, 50, 50, 150, 50, 50, 200},
    0,
    0,
);

Sound Midi::three_ambient1(
    VS1053_BANK_MELODY,
    1,
    127,
    true,
    20,
    (uint8_t[]) {64, 66, 67, 71, 66, 67, 66, 64, 64, 66, 67, 66, 67, 69, 67, 69, 71, 69, 71, 72},
    (uint8_t[]) {86, 86, 87, 88, 89, 90, 90, 91, 93, 94, 94, 95, 95, 96, 97, 97, 98, 100, 101, 101},
    0,
    0,
);

Sound Midi::three_ambient2(
    VS1053_BANK_MELODY,
    124,
    127,
    true,
    16,
    (uint8_t[]) {80, 80, 80, 80, 80, 80, 60, 60, 60, 60, 60, 80, 80, 80, 80, 80},
    (uint8_t[]) {50, 50, 50, 50, 50, 50, 150, 50, 50, 50, 50, 50, 50, 50, 50, 50},
    0,
    0,
);

Sound Midi::three_ambient3(
    VS1053_BANK_MELODY,
    113,
    127,
    true,
    3,
    (uint8_t[]) {90, 90, 90},
    (uint8_t[]) {150, 150, 150},
    0,
    0,
);

Sound Midi::three_startle(
    VS1053_BANK_MELODY,
    125,
    127,
    true,
    16,
    (uint8_t[]) {80, 80, 80, 80, 80, 80, 60, 60, 60, 60, 60, 80, 80, 80, 80, 80},
    (uint8_t[]) {50, 50, 50, 50, 50, 50, 150, 50, 50, 50, 50, 50, 50, 50, 50, 50},
    0,
    0,
);

// group 4

Sound Midi::four_ambient0(
    VS1053_BANK_MELODY,
    1,
    127,
    true,
    64,
    (uint8_t[]) {64, 69, 76, 75, 76, 83, 83, 64, 68, 76, 75, 76, 85, 83, 83, 78, 81, 84, 81, 81, 76, 76, 72, 72, 69, 76, 69, 64, 59, 78, 66, 59, 76, 69, 76, 75, 76, 75, 73, 71, 71, 75, 75, 73, 75, 73, 75, 73, 75, 76, 76, 76, 69, 76, 75, 76, 75, 73, 71, 71, 71, 76, 80, 73},
    (uint8_t[]) {50, 50, 50, 50, 50, 50, 50, 50, 50, 50, 50, 50, 50, 50, 50, 50, 50, 50, 50, 50, 50, 50, 50, 50, 50, 50, 50, 50, 50, 50, 50, 50, 50, 50, 50, 50, 50, 50, 50, 50, 50, 50, 50, 50, 50, 50, 50, 50, 50, 50, 50, 50, 50, 50, 50, 50, 50, 50, 50, 50, 50, 50, 50, 50},
    0,
    0,
);

Sound Midi::four_ambient1(
    VS1053_BANK_MELODY,
    7,
    127,
    true,
    40,
    (uint8_t[]) {80, 78, 75, 75, 73, 75, 71, 73, 75, 73, 71, 68, 0, 70, 71, 73, 75, 78, 73, 0, 80, 78, 75, 75, 73, 75, 71, 73, 75, 73, 71, 68, 0, 70, 71, 75, 73, 68, 68, 0},
    (uint8_t[]) {40, 40, 80, 40, 40, 80, 80, 40, 40, 40, 40, 80, 40, 40, 80, 80, 80, 80, 160, 80, 40, 40, 80, 40, 40, 80, 80, 40, 40, 40, 40, 80, 40, 40, 80, 80, 80, 80, 120, 120},
    0,
    0,
);

Sound Midi::four_ambient2(
    VS1053_BANK_MELODY,
    7,
    127,
    true,
    53,
    (uint8_t[]) {76, 74, 72, 71, 72, 74, 76, 81, 81, 79, 76, 74, 71, 71, 72, 72, 69, 69, 71, 71, 72, 74, 74, 76, 74, 71, 69, 67, 69, 71, 72, 72, 74, 76, 81, 81, 79, 76, 74, 71, 72, 69, 69, 72, 74, 71, 71, 71, 71, 69, 69, 67, 69},
    (uint8_t[]) {50, 50, 150, 50, 150, 50, 50, 50, 50, 50, 100, 50, 50, 50, 50, 50, 50, 50, 50, 50, 50, 100, 50, 50, 50, 150, 50, 50, 50, 50, 100, 50, 50, 50, 50, 50, 50, 100, 50, 50, 50, 50, 50, 50, 50, 50, 50, 50, 50, 50, 50, 50, 100},
    0,
    0,
);


Sound Midi::four_startle0(   // there were 8, i just converted the first one
    VS1053_BANK_MELODY,
    1,
    127,
    true,
    8,
    (uint8_t[]) {46, 66, 68, 69, 78, 79, 85, 87},
    (uint8_t[]) {40, 40, 40, 40, 40, 40, 40, 40},
    0,
    0,
);

Sound Midi::four_active0( // had to compress tempo to get longest note to fit
    VS1053_BANK_MELODY,
    26,
    127,
    true,
    80,
    (uint8_t[]) {75, 75, 75, 82, 82, 80, 82, 84, 84, 75, 82, 82, 80, 82, 84, 80, 79, 80, 79, 77, 75, 80, 73, 75, 77, 80, 84, 85, 82, 75, 75, 75, 82, 82, 80, 82, 84, 84, 75, 82, 82, 80, 82, 84, 85, 84, 80, 77, 79, 80, 82, 84, 73, 80, 80, 82, 84, 82, 80, 80, 75, 77, 77, 79, 80, 80, 82, 84, 82, 80, 80, 84, 87, 92, 84, 87, 92, 0, 0, 0},
    (uint8_t[]) {19, 19, 19, 76, 38, 19, 38, 19, 38, 38, 76, 38, 19, 59, 38, 38, 19, 99, 38, 38, 59, 99, 38, 19, 38, 38, 38, 19, 38, 19, 19, 19, 76, 38, 19, 38, 19, 38, 38, 76, 38, 19, 59, 38, 38, 19, 99, 38, 38, 19, 38, 99, 38, 19, 59, 28, 76, 19, 38, 254, 38, 76, 38, 19, 59, 38, 38, 38, 59, 59, 119, 19, 19, 19, 59, 59, 59, 19, 19, 19},
    0,
    0,
);

Sound Midi::four_active1(
    VS1053_BANK_MELODY,
    1,
    127,
    true,
    65,
    (uint8_t[]) {69, 72, 74, 74, 74, 76, 77, 77, 77, 79, 76, 76, 74, 72, 72, 64, 0, 69, 72, 74, 74, 74, 76, 77, 77, 77, 79, 76, 76, 74, 72, 74, 74, 69, 72, 74, 74, 74, 77, 79, 79, 79, 81, 82, 82, 81, 79, 81, 74, 0, 74, 76, 77, 77, 79, 81, 74, 0, 74, 77, 76, 76, 74, 72, 74},
    (uint8_t[]) {30, 30, 60, 60, 30, 30, 60, 60, 30, 30, 60, 60, 30, 30, 30, 60, 30, 30, 30, 60, 60, 30, 30, 60, 60, 30, 30, 60, 60, 30, 30, 60, 60, 30, 30, 60, 60, 30, 30, 60, 60, 30, 30, 60, 60, 30, 30, 30, 60, 30, 30, 30, 60, 60, 60, 30, 60, 30, 30, 30, 60, 60, 30, 30, 30},
    0,
    0,
);

Sound Midi::four_active2(
    VS1053_BANK_MELODY,
    1,
    127,
    true,
    33,
    (uint8_t[]) {60, 67, 68, 70, 72, 65, 72, 70, 68, 67, 60, 62, 64, 64, 63, 70, 68, 67, 65, 58, 60, 62, 84, 84, 85, 84, 80, 79, 77, 79, 77, 70, 72},
    (uint8_t[]) {240, 240, 120, 120, 120, 40, 40, 40, 80, 40, 40, 40, 40, 120, 40, 40, 40, 80, 40, 40, 40, 160, 40, 20, 20, 20, 40, 20, 20, 20, 20, 20, 80},
    0,
    0,
);

// group 5
Sound Midi::five_ambient1(
    VS1053_BANK_MELODY,
    8,
    127,
    true,
    8,
    (uint8_t[]) {12, 24, 36, 48, 60, 72, 84, 96},
    (uint8_t[]) {80, 80, 80, 80, 80, 80, 80, 80},
    0,
    0,
);

Sound Midi::five_ambient2(
    VS1053_BANK_MELODY,
    854,
    127,
    true,
    8,
    (uint8_t[]) {12, 24, 36, 48, 60, 72, 84, 96},
    (uint8_t[]) {80, 80, 80, 80, 80, 80, 80, 80},
    0,
    0,
);

Sound Midi::five_ambient3(
    VS1053_BANK_MELODY,
    53,
    127,
    true,
    8,
    (uint8_t[]) {12, 24, 36, 48, 60, 72, 84, 96},
    (uint8_t[]) {80, 80, 80, 80, 80, 80, 80, 80},
    0,
    0,
);

Sound Midi::five_active1(
    VS1053_BANK_MELODY,
    23,
    127,
    true,
    8,
    (uint8_t[]) {12, 36, 36, 24, 48, 48, 36, 36},
    (uint8_t[]) {25, 25, 25, 25, 25, 25, 25, 25},
    0,
    0,
);

Sound Midi::five_active2(
    VS1053_BANK_MELODY,
    32,
    127,
    true,
    8,
    (uint8_t[]) {12, 36, 24, 60, 48, 84, 72, 96},
    (uint8_t[]) {35, 45, 35, 45, 35, 45, 35, 45},
    0,
    0,
);

Sound Midi::five_active3(
    VS1053_BANK_MELODY,
    41,
    127,
    true,
    8,
    (uint8_t[]) {12, 36, 24, 60, 48, 84, 72, 96},
    (uint8_t[]) {35, 45, 35, 45, 35, 45, 35, 45},
    0,
    0,
);

Sound Midi::five_startle(
    VS1053_BANK_MELODY,
    104,
    127,
    true,
    8,
    (uint8_t[]) {12, 24, 36, 48, 60, 72, 84, 96},
    (uint8_t[]) {25, 25, 25, 25, 25, 25, 25, 25},
    0,
    0,
);

// group 6

Sound Midi::six_startle(
    VS1053_BANK_MELODY,
    25,
    127,
    true,
    8,
    (uint8_t[]) {79, 78, 75, 69, 68, 76, 80, 72},
    (uint8_t[]) {40, 40, 40, 40, 40, 40, 40, 160},
    0,
    0,
);

Sound Midi::six_ambient1(
    VS1053_BANK_MELODY,
    11,
    127,
    true,
    18,
    (uint8_t[]) {88, 86, 88, 96, 95, 91, 93, 86, 88, 93, 91, 93, 96, 95, 91, 98, 96, 91},
    (uint8_t[]) {40, 40, 40, 40, 40, 40, 40, 40, 160, 40, 40, 40, 40, 40, 40, 40, 40, 160},
    0,
    0,
);

Sound Midi::six_ambient2(
    VS1053_BANK_MELODY,
    1,
    127,
    true,
    9,
    (uint8_t[]) {82, 74, 79, 86, 84, 82, 81, 74, 79},
    (uint8_t[]) {40, 40, 40, 40, 40, 40, 40, 40, 160},
    0,
    0,
);

Sound Midi::six_ambient3(
    VS1053_BANK_MELODY,
    11,
    127,
    true,
    24,
    (uint8_t[]) {82, 74, 79, 86, 77, 76, 77, 79, 81, 74, 79, 77, 79, 81, 79, 77, 79, 81, 79, 84, 84, 79, 81, 79},
    (uint8_t[]) {40, 40, 40, 40, 40, 40, 40, 40, 40, 40, 40, 40, 40, 40, 40, 40, 40, 40, 40, 40, 40, 40, 40, 40},
    0,
    0,
);

Sound Midi::six_active1(
    VS1053_BANK_MELODY,
    25,
    127,
    true,
    32,
    (uint8_t[]) {79, 78, 75, 69, 79, 71, 74, 77, 89, 64, 64, 64, 72, 76, 79, 83, 64, 64, 64, 72, 76, 79, 79, 83, 75, 65, 68, 62, 80, 64, 75, 65},
    (uint8_t[]) {40, 40, 40, 40, 40, 40, 40, 40, 60, 60, 40, 40, 40, 40, 40, 60, 60, 40, 40, 40, 40, 40, 40, 40, 40, 40, 40, 40, 40, 40, 40, 40},
    0,
    0,
);

Sound Midi::six_active2(
    VS1053_BANK_MELODY,
    1,
    127,
    true,
    28,
    (uint8_t[]) {76, 77, 79, 95, 76, 79, 86, 85, 83, 85, 88, 86, 88, 96, 84, 83, 81, 93, 79, 81, 83, 81, 79, 81, 77, 81, 86, 88},
    (uint8_t[]) {60, 60, 40, 40, 40, 40, 40, 60, 60, 40, 40, 40, 40, 40, 60, 60, 40, 40, 40, 40, 40, 60, 60, 40, 60, 60, 40, 255/* was 320*/},
    0,
    0,
);

Sound Midi::six_active3(
    VS1053_BANK_MELODY,
    3,
    127,
    true,
    20,
    (uint8_t[]) {58, 56, 53, 51, 55, 46, 50, 48, 46, 79, 55, 56, 53, 51, 55, 46, 50, 48, 46, 79},
    (uint8_t[]) {80, 40, 40, 40, 80, 40, 80, 40, 80, 80, 80, 40, 40, 40, 80, 40, 80, 40, 80, 80},
    0,
    0,
);


// group 11 -- fancy multi-voice cannot be easily converted



